-3.193446586222083994e+00 5.340075853631618230e+01
2.851317261963363592e+01 5.009206357523395070e+01
1.301123113098623030e+01 -1.149692217013801532e+00
4.493173338775114445e+01 7.031146529312763960e+00
4.611186268853887071e+01 2.035734039009280139e+01
1.374100340840979939e+01 4.778455065411235125e+01
1.389527570800947132e+01 5.371856967664535887e+01
4.838376533360216314e+01 7.308796891754645308e+00
1.686233320498431709e+01 4.445371576863772489e+00
2.258110730473075378e+01 5.490802176910846555e+01
1.662550291453963069e+01 4.373800796800747293e+00
1.717282050669535209e+01 7.925572189174094007e+00
1.892977450932069416e+01 4.103867850864919120e+00
4.368284662777803362e+01 6.758179752683561858e+00
3.808199017228125172e+01 1.716441709467658683e+01
4.654603433593959494e+01 1.112728372389832288e+01
1.319727212888262358e+01 3.933260455862230742e+01
1.847450335940439814e+01 -2.641372942959367975e-01
4.647906126041574737e+01 1.433307733494128478e+01
2.187515611065421339e+01 5.277923729072527692e+01
9.950942493798741850e+00 9.094098696904429957e+00
3.704042740797561351e+01 1.688896871921468090e+01
1.528761087258193818e+01 8.162205093697819436e+00
4.820963523502393855e+01 1.225919992156664406e+01
1.336283987306566345e+01 1.006421675585820985e+01
4.620180763206501950e+01 2.257001875217088127e+01
1.859112363033220205e+01 1.630848962351894471e+01
3.282232577906265192e+01 4.428419470697235738e+01
1.551592460266595097e+01 9.455017202839570700e+00
1.473611587738087714e+01 -4.243454774289530107e-01
2.477794136698880578e+01 5.181607630306272938e+01
4.636263591344857815e+01 5.542093427732443445e+01
1.108774560673998621e+01 5.764295161909043941e+01
4.974107281295592031e+01 1.660436411494057651e+01
1.405887634597619851e+01 3.733827075912108384e+00
2.007655259180252116e+01 6.505164894680799392e-01
4.094992959634208063e+01 1.542470610166067324e+01
3.419663604459612571e+01 4.994327973057949066e+01
1.783606950019911963e+01 -1.476179879066981115e-01
1.345378391873247637e+01 -6.923529668395298486e-01
2.914183265263907785e+01 4.996393543957317007e+01
1.035123685284066042e+01 1.630297866092433878e+00
1.484916220240968876e+01 -1.077569775767221749e+01
4.312910601146966627e+01 1.459321204553356033e+01
2.627868468570486726e+01 5.306302873179876656e+01
1.472325976147746474e+01 -1.368753786912431103e+00
1.429786284450899103e+01 6.675623305029390053e-01
4.962181511434077663e+01 1.630545956390241358e+01
3.780810810605724726e+01 4.779508682291874777e+01
1.600141969367516026e+01 2.459344330468788087e+00
7.225968007133829474e-01 4.794387072871719369e+01
3.280437413424312609e+00 4.771760367435715011e+01
8.015957728566304397e+00 1.780198498451247335e+00
8.024555867308322377e+00 5.692871794479298586e+01
1.851853439562956893e+01 4.989657247647745208e+01
4.516615781903637128e+01 5.089341565548851776e+01
3.483183710223066498e+01 1.870006643712881811e+01
1.476158068677700541e+01 1.417605941094538657e+01
1.849668691308521318e+01 1.299655155530279949e+01
1.359450784204179818e+01 8.726336346969734592e+00
4.893419243316619571e+01 1.822250538688230748e+01
1.172754239676520527e+01 6.901097374065646051e+00
4.961066259882377238e+01 1.608458188151394097e+01
2.656463075623620895e+01 5.700586883521850723e+01
1.138691253710343076e+01 5.110282860707459207e+01
-2.846680923307296496e-01 5.190845689979784083e+01
1.406447697874098601e+01 2.195667718445287075e+00
1.249533622228240048e+01 6.633263888165537026e-01
3.370797558861980292e+01 1.066386622923274174e+01
1.736770126626118937e+01 7.748082359485938042e+00
4.165196200242240820e+01 1.961169859615860034e+01
1.325765771577166063e+01 -3.266868706495834829e+00
1.086173839569906541e+01 -2.879369583873766736e+00
9.100829746309287316e+00 5.127395078270315310e+01
2.310781845186295769e+01 5.097310556617756561e+01
1.316189756514796727e+01 8.198732291212898815e+00
1.417506137639201746e+01 1.006196936006964116e+01
1.144272779605885759e+01 5.360354033101409676e+00
1.769320208670450612e+01 4.169366063730964633e+00
1.346663573661252755e+01 7.348762829085382364e+00
4.025281121899925552e+01 1.003094148197039104e+01
1.758846628392430489e+01 1.265358603858286202e+01
3.968621166441092640e+01 2.308553542534160741e+01
2.269486271211100714e+01 5.510646422126774269e+01
4.482203267168188887e+01 1.404068676123264403e+01
1.953116240207815579e+01 6.248252730154459300e+01
4.392497438249792907e+01 2.234435498450974933e+01
2.921279613675650921e+01 4.689237087475115118e+01
4.975423379847839556e+01 1.711924346550669185e+01
4.664673957618466460e+01 1.213901678881559931e+01
1.575443174249042322e+01 7.315131046113682700e+00
2.179219572835181040e+01 1.601932353960593858e+01
1.511491266011420898e+01 6.209958166323763962e+00
2.547408177551684005e+01 4.749658432890318949e+01
2.577640646175559880e+00 4.379881249427530321e+01
3.852921127423378067e+01 1.161799351835901462e+01
3.001445759328844076e+01 4.877831270952897569e+01
1.021839730885255548e+01 5.440959342082872752e+01
3.065882958846164996e+01 5.265046363747509872e+01
1.253638882029412116e+01 2.601621665317407572e+00
3.745083480518960783e+01 1.807995457671373174e+01
1.376079892924668790e+01 1.350494175968867516e+01
2.474888746272543472e+01 5.572294862668523763e+01
9.833927122986620972e+00 4.510777834583090851e+01
1.819610335909958820e+01 8.616797424306469111e+00
1.309185188806564604e+01 -1.876169814725325402e+00
3.503255451782396790e+01 1.581290014578204683e+01
1.515522475843932071e+01 6.074096986419879940e+00
4.371670680276493925e+01 1.570477258474419280e+01
1.572495168706799440e+01 1.098787683637093338e+01
1.649257453371623683e+01 -7.058499362648722908e+00
3.740941415981492213e+01 1.459133744681801836e+01
4.484144134199599563e+01 1.242040557478478924e+01
1.484762436682935594e+01 -5.012721460663707163e-01
1.116252703424717296e+01 7.006585129403520185e+00
4.044386628178018839e+01 1.561100084128765353e+01
-2.801702357775887720e+00 4.566704401963080784e+01
5.799373246181165342e+01 5.068920346223922735e+00
-5.290731567864359164e+00 4.743761633888156837e+01
1.393084509086127909e+01 2.777122977903533396e+01
6.959216381180475253e-01 5.573828167141900991e+01
1.290458044366708990e+01 7.707224255022307347e+00
4.436746987577147650e+01 2.268208512852402947e+01
-2.855884117574768766e+01 4.752271084955729918e+01
4.147333683396799842e+01 5.744293696374584357e+01
1.350535580765942711e+01 4.587492885364589768e+01
2.358493126839289999e+01 5.319990935046049430e+01
3.625334949057258171e+01 4.457947943517236666e+00
1.609662045025003607e+01 4.399373623545567824e+00
5.059562425674738506e+01 2.095222354070864768e+01
5.272843927913613271e+01 1.942376275133800334e+01
1.329649318533665792e+01 1.226197453249241232e+00
2.050693107072851262e+01 -8.975772848325700437e-01
4.316377249411566908e+01 1.050942048607359069e+01
1.526711842355651072e+01 8.475652456785926603e+00
5.537734113646348533e+01 5.049833819097406007e+01
3.978267194049104205e+01 8.031143048458865508e+00
9.583850979611160170e+00 9.470640495916569535e+00
4.863795301408757155e+01 1.083853666228994328e+01
1.143898663955375739e+01 1.003525982497934876e+01
4.222850496531671638e+01 2.419405378923471517e+01
4.641045560837891060e+01 1.574386184711910097e+01
1.853336998687819204e+01 -1.354924303239197769e+00
9.769998574316232975e+00 4.774031345490992173e+00
1.279301359109588887e+01 -4.303731019900732591e+00
4.592334924277969321e+01 1.411727641379799536e+01
1.950516793808056093e+01 1.519890209448831264e+01
4.785280219272340219e+01 1.576096355790456904e+01
3.368300724351450981e+01 4.837777738522720483e+01
1.120135051195566689e+01 1.630939697992917559e+01
5.063988550773453312e+01 5.488763584733574419e+01
2.020627036249582886e+01 4.919770952344915571e+01
1.895413742346540786e+01 4.624951615796311977e+00
4.550942829033003534e+01 1.716237369572454696e+01
1.280843873454567117e+01 1.334529428209785262e+00
4.076257261570425783e+01 5.436909037102317654e+01
3.969880722218639590e+01 9.252127027343094667e+00
3.144908706519224140e+01 4.400423839759712763e+01
4.924193468195377932e+01 1.545104763430890316e+01
6.904664233249754091e+00 4.745880728385385083e+01
4.298826294374581636e+01 1.973828399607356587e+01
5.244130942281108076e+01 2.265672614627743542e+01
5.030590531103208463e+01 3.293116899756080684e+00
2.095569990081852296e+01 5.158062259504663416e+01
4.637273366644170380e+01 1.836241328796608130e+01
4.478970529349683005e+01 1.461018801934966937e+01
4.595571189635120390e+01 9.960223766025077197e+00
1.802241129692028920e+01 -5.926096529337291585e+00
4.539588258767369666e+01 1.095405171457625570e+01
1.139595491939485505e+01 -3.521123471531836913e+00
4.285827457683781461e+01 1.945986843134690503e+01
1.299067953606947867e+01 4.981007817046864261e+01
3.908344036860601278e+01 1.903972220415584360e+01
4.611805419933619277e+01 1.426745344076951838e+01
4.510174066653294744e+01 4.514366563607275395e+00
1.104949892559146640e+01 5.062830665005404285e+01
4.425135334995157876e+01 1.985931971813266017e+01
1.768586330007861918e+01 6.535122391008145293e+00
1.767420297854962641e+01 5.109117842238396179e+01
1.337617163639993834e+01 -1.133759593492946749e-01
4.131972912224735239e+01 1.380178528150270623e+01
2.172149042881232006e+01 5.107680158584600605e+01
1.142497286081201935e+01 1.194847731517654665e+01
4.677643484043974098e+01 1.194793067150866683e+01
2.189288459147032739e+01 9.156836362340504465e+00
1.283089168255627754e+01 1.013261817682289134e+01
2.441436434829045510e+01 5.517914973156091207e+01
9.944442614774287037e+00 5.244713729659731705e+00
4.308783210059162627e+01 1.274230621883864778e+01
1.238283338023917324e+01 5.378627171668984630e+01
1.889769718401981535e+01 5.875949653642649650e+01
1.753799887402080415e+01 4.424498488978398569e+01
4.347949428236090341e+01 5.263077125222923769e+01
1.165027998281013488e+01 4.465396026588902600e+01
4.299738769961764007e+01 4.575195952133598354e+01
4.769320199370248758e+01 7.733363418571551406e+00
1.444786306259152653e+01 3.806893643475537825e+00
2.215292810615360963e+01 4.636890567767752458e+01
3.781306757963029952e+01 2.284505664709234551e+01
2.006878790811410340e+01 4.184580887918768255e+00
8.515233685842646949e+00 5.844730390693717226e+01
2.093482066754648940e+01 -4.941136521544397198e+00
1.415122969889382354e+01 9.523850343963051301e+00
4.233824179170199642e+01 9.118970683363885499e+00
3.906615249960631786e+01 1.398455946230736124e+01
4.550645974132729776e+01 1.285133417964567926e+01
4.800732734514690492e+01 5.037160004492900356e+01
3.061346675890596103e+01 5.377643355128802938e+01
1.455466049780804383e+01 1.086457949718863247e+01
1.398665958432146539e+01 4.923392637275994588e+01
5.164832758576730498e+01 1.044236595156562508e+01
8.897159880726729142e+00 7.425250330269474119e+00
3.802535860766008113e+01 4.946258067655283241e+01
4.066624728154994273e+01 1.550507480559842577e+01
1.131955299824000605e+01 1.287995103012732478e+01
4.116502904560972809e+01 4.865544034352965497e+01
3.745870704381231775e+01 5.242913605109588815e+01
4.321444648923369414e+01 1.529685161924564341e+01
5.015349757949567078e+01 2.338486436678429925e+01
1.723592296186529538e+01 6.176099110207671217e-01
4.104079821518534033e+01 1.292865225983300270e+01
-5.555784765293619643e+00 4.986958918868707258e+01
1.371452340146973192e+01 6.057763100796761080e+01
1.517110090118817922e+01 1.528929400384783754e+00
3.216565105151074278e+01 5.301904540666541976e+01
3.497824325492299380e+01 1.990916697534405344e+01
2.237815751077701165e+01 7.471929885827100826e+00
1.905115615910769122e+01 1.630779267129685906e+01
3.326019502259073590e+01 4.846802251359614644e+01
4.815828264272641235e+01 1.565626876955771607e+01
2.816440782752289707e+01 4.870777147102666049e+01
1.952367304397418124e+01 1.165043787570439804e+00
3.157933683363761190e+01 4.827552899676130238e+01
1.131632435627873789e+01 1.102101704697587969e+01
2.023415886023543564e+01 4.788436613645595941e+01
5.022842937299427746e+01 1.695682146942296953e+01
4.549922537924251742e+01 1.839452560106526846e+01
5.216189592005042641e+01 1.661898358288233268e+01
1.442334054491006867e+01 4.868433373158339350e+01
1.471079038975398845e+01 -1.470011016040238871e+00
3.236710533801217338e+01 4.625058639593356702e+01
3.141508865808584616e+01 1.582614804099658556e+01
2.583267261066081488e+01 4.196797374972066308e+01
3.943405682402401169e+01 2.122857936584805572e+01
4.994709692793627909e+01 1.470197383032520477e+01
5.082311619753618004e+01 1.792897360532317563e+01
1.385331791677930013e+01 3.688174755780246894e+00
2.502925470761688587e+01 5.060850955222565517e+01
4.837501432673268198e+01 1.622777191005748776e+01
3.309877319452913724e+01 5.406184447221416178e+01
1.436091927267042223e+01 1.243589977683182468e+01
4.781564407944438244e+01 1.474340693907300803e+01
2.884608069332609404e+01 5.833120676004472216e+01
4.078153117864368227e+01 1.904539470753942254e+01
1.311697865141622543e+01 4.974021352897589310e+01
3.905809537532904585e+01 1.063943125062909090e+01
4.553693248337500421e+01 1.155247173121942872e+01
2.549650495266411099e+01 4.347661905332394383e+01
4.844282810940809725e+01 9.572886638025890349e+00
2.342802783320053450e+01 6.248412820921519994e+01
4.518546977902090589e+01 1.101998795084302785e+01
-1.947373347987515046e+00 4.773620856493839426e+01
4.701194068267976434e+01 2.146469565860746087e+01
4.781625205504098375e+01 1.819564914744555750e+01
1.725997964843624288e+01 7.010965459905904140e+00
4.303800097300253213e+01 1.382665427807422276e+01
5.003651774219068216e+01 1.979302499265708093e+01
1.844006691768207062e+01 5.346459009522873629e+01
4.923505719186640306e+01 2.235958527602104340e+01
1.789005176816326426e+01 1.993869174804330413e+01
1.459204184451417419e+01 1.109946114896047575e+01
1.890602308338949200e+01 5.288761594158653878e+01
2.295326678269844933e+01 4.178947799225787207e+01
4.784083755213357136e+01 2.166320387882307585e+01
4.318538150589572666e+01 1.733959467394677390e+01
4.179481219804889491e+01 1.213669655009910642e+01
7.972655494935203535e-01 5.340068751015247273e+01
2.901078483702790578e+01 4.786600454918957581e+01
2.311977158996694826e+01 5.295636840475152241e+01
1.960068326189223598e+01 -5.152555903719850505e+00
1.420033336895394349e+01 7.521122129681259594e+00
2.125418535533576403e+01 5.275820222560984263e+01
1.131979445840177867e+01 4.969992548534568755e+01
1.520486279834430476e+01 5.163853780247136882e+01
4.109045892012947121e+01 1.433499119006510369e+01
4.613123493245982587e+01 1.018973821610529029e+01
1.658260582030763430e+01 -1.314623721348215035e+00
7.610862900405102494e+00 4.208675368408177064e+01
1.692773989404577861e+01 -4.424590048534899012e+00
2.923362240695728786e+01 4.059794259872148103e+01
4.461755125474107331e+01 7.289470201873778699e+00
5.716660311499201441e+01 9.661268643215077390e+00
4.457419958763345136e+01 1.795589754849880393e+01
1.175840346494282507e+01 1.113339776432179207e+01
1.441316214485354408e+01 -3.142495523755455267e+00
4.588261861028919952e+01 1.278166127479905612e+01
4.534247576939002755e+01 1.237257629955677629e+01
4.844615689322730390e+01 9.491714346699106741e+00
1.535384031927068982e+01 -3.790914052410645496e-01
4.946400473029916611e+01 1.373898281555236345e+01
2.230651541936392590e+01 9.477478141591788585e-01
5.280136579755591697e+01 6.990904425966814273e+00
1.235915809697568868e+01 1.013946687689541193e+01
5.722004626052454412e+00 5.717303239309685381e+01
5.204955247327274037e+01 9.653272148482262338e+00
5.117704003752931641e+01 1.612329557108648359e+01
1.589248935111974781e+01 -3.415463928151762474e+00
2.101060594104952628e+01 4.147914083796267448e+01
5.086728513132953822e+01 1.190925252093092190e+01
1.334021455242445064e+01 1.337655583219186894e+01
2.928782761065282614e+01 5.318638244227613399e+01
4.046682534214171767e+01 4.959825218149957493e+01
1.976254854563210017e+01 4.640936186487572002e+01
1.778437812644348881e+01 8.320832581579441722e+00
1.006561737714378779e+01 1.930865522585858418e+00
1.693006801546197337e+01 -8.335233265121706481e+00
2.703196382889110794e+01 5.318294723151043968e+01
4.183640321700141840e+01 6.327793946509718381e+00
4.252265684604915918e+01 2.425545161828001994e+01
1.774767926478558522e+01 9.124861416879577192e+00
4.806100109261623743e+01 1.582282563440903722e+01
5.078614665881014645e+01 2.269153159022150845e+01
5.064392394784444917e+01 1.223746625355062179e+01
1.558527174913654001e+01 6.612204219925972737e+00
3.884624218394379369e+01 2.339127120875924959e+01
4.980778806078469501e+01 1.435775165731978831e+01
3.934117962088109266e+01 9.013160604450524360e+00
1.759407545584073063e+01 -3.324687788115740616e+00
2.795489135572090689e+01 2.333332284325961581e+01
1.911403791532460872e+01 4.969533954770498951e+01
5.578862080809965818e+01 8.318060166088580232e+00
1.030468122012727505e+01 5.358051550895262238e+01
1.246718111661431294e+01 1.253250242728658037e+01
3.733056050029945538e+01 5.162916908924641035e+01
3.794169978694858258e+01 1.587768163653960940e+01
1.331655748610408985e+01 5.235979983934603865e+01
4.849529992259012090e+01 1.162509433909612255e+01
5.322567676191458474e+01 2.315713500593435015e+01
1.027054687286731749e+01 4.850077273556466650e+01
4.589795563041767679e+01 7.193997894962777195e+00
1.596220197487422254e+01 1.755086140442539744e+01
1.927840901370090165e+01 -2.275534958076804948e+00
4.458654097841665731e+01 1.113934640732212067e+01
4.024884882267858188e+01 8.900126429577891685e+00
-8.687527284160285745e+00 5.307234629072853949e+01
2.045127099950965288e+01 4.489932479461786841e+01
5.377817032788487239e+01 2.284425871558404708e+01
5.082392747830287760e+01 1.362292451669173232e+01
1.587812016742101839e+01 5.858877646508548764e+01
4.332576357728207483e+01 5.470920337425821600e+01
5.536131091331228049e+01 1.423503008452181007e+01
1.412217118884906597e+01 4.721645744599779704e+00
1.641509743168798252e+01 1.174875653612897075e+01
1.761821507474218151e+01 1.188702428640004527e+01
3.680200900673582964e+01 5.072695036014332715e+01
1.475010961432619183e+01 1.168167447011169457e+01
3.427721046705001129e+01 5.112606991876621976e+01
4.821734356396496679e+01 1.952803269007584319e+01
8.982484314486791632e+00 2.642791793347800677e+00
1.280991904177446727e+01 6.560297908029022018e+00
6.541963222846849391e+00 4.120955681387289360e+01
2.125124828547411227e+01 -4.282407408159329520e+00
2.223091349801635630e+01 5.054981165155709277e+01
5.213447004152246933e+01 2.163191161605851676e+01
4.594231810868917876e+01 5.478624861751988107e+01
2.718947959655415758e+01 5.172480234871789406e+01
1.463382375038409577e+01 6.202512054095596028e+00
1.557221955728907048e+01 1.003599097968389309e+01
2.062288914371307769e+01 4.705002983684700268e+01
4.477873961858689711e+01 1.896722410432320061e+01
1.719740871667939430e+01 1.851727974319508263e+01
1.558500601571956423e+01 1.367001128172589652e+01
1.817778139657112035e+01 -8.461776649655918803e-01
4.863550098852157078e+01 4.634260816723338650e+01
4.482760296920372411e+01 5.231547217400684247e+01
4.594015636892486043e+01 1.790674604075129395e+01
2.028179345461716565e+01 4.733135843300553702e+00
1.155165409014317390e+01 1.254697994296527064e+01
4.183842020464579292e+01 9.494051513730667580e+00
3.637846636247389398e+01 2.012764740096998750e+01
2.317788787571632980e+00 5.100627796332260999e+01
1.028738455705821764e+01 5.614923398173111480e+01
1.775798060427387526e+01 1.836552993478242612e+01
4.318417554098274991e+01 1.341916905632149692e+01
3.853234878887443671e+01 9.663278259826682870e+00
3.119677409924002021e+01 2.278289211181765950e+01
-1.173896448527496972e+00 5.555713080602646414e+01
4.603268163861415019e+01 2.229100081264101263e+01
1.246209601344493478e+01 -4.923337561486718528e+00
4.760545127801531606e+00 6.151723898809083835e+01
1.736157951971246405e+01 1.300826908458836684e+01
4.974671700357856707e+01 7.252848333538059578e+00
3.923381507973554960e+01 4.344468670551739109e+01
4.215371528974846171e+01 1.052886955890576459e+01
2.133134795630337521e+01 4.644939348933817058e+01
4.691457602489057166e+01 1.559841843977080167e+01
4.570527867872569772e+01 9.218500850283618320e+00
3.799854154843745846e+01 4.384373640863828570e+01
1.843775801630455291e+01 8.199588433270154297e+00
5.037128081041636563e+01 8.664658068319733175e+00
2.967002485908419729e+01 2.476257855870414559e+01
4.638856894236806028e+01 1.386587453371562439e+01
2.267987884215573047e+01 4.733995981951994025e+01
1.949841553370146841e+01 4.251721318858246335e+00
2.589309035016335514e+01 3.743256278343377375e+01
7.053736161500552271e+00 5.328851882103311510e+01
3.564764929531314408e+01 1.023435929755470042e+01
4.045189247416571021e+01 1.241272891490859642e+01
1.359176608229745398e+01 9.709420416911388685e+00
1.583562875910006973e+01 -2.054772936927303562e+00
1.351888684851365774e+01 1.461781427817128431e+01
3.758302706394012205e+01 2.140784213012175030e+01
1.125998965177025468e+00 5.057654045810808441e+01
2.860392321114742487e+01 4.878433899628993942e+01
4.168978496063790828e+01 1.557741529032103678e+01
1.666903035713638559e+01 -1.803373019596423710e+00
4.498135550577587338e+01 1.218178411104831582e+01
3.420165441512167348e+01 4.404293429773853319e+01
1.367162218370488347e+01 1.524769402380522720e+01
3.195813078298674981e+01 5.051575387690715502e+01
1.136606718959837714e+01 3.435598231177024786e+00
1.374369368344043174e+01 -5.951616073683073438e+00
1.235547618213856325e+01 4.295987644129477445e+01
3.314027378525352674e+01 5.175479633845617400e+01
1.154782731037301069e+01 1.010256007666092160e+01
1.496070678813257793e+01 4.889221054665424759e+01
4.825958117891800470e+01 6.915841179611135203e+00
1.592754193032302013e+01 -1.456785059131274984e+00
5.673667663705064257e+01 1.577427299494766011e+01
4.275500223510277209e+01 1.591414661296634492e+01
4.088236427309425380e+01 1.739465324276256553e+01
1.390276262902587590e+01 1.321656110099408465e+01
3.032122516003893509e+01 5.013067644860331740e+01
2.851803658097836092e+00 4.866435792236612912e+01
4.352170677167580948e+01 1.778743807276895339e+01
1.275222455217870454e+01 1.075901546197209058e+01
9.665821626128234811e+00 1.192395951084532335e+01
3.691126788693107130e+01 1.462806637966721368e+01
5.328823525322592047e+01 1.616145734009498369e+01
1.891822631025217660e+01 1.755066519600164465e+00
8.694025207874460648e+00 8.788129449674158877e+00
4.093158691374572555e+01 1.309931751494816154e+01
4.099463401774060145e+01 1.597525110230580125e+01
2.618807442341492475e+01 4.252145399210685639e+01
4.641131401749788665e+01 6.617440038066499497e+00
2.106870384384431816e+01 4.323986205347818412e+00
4.174429571499875635e+01 1.640258828166616922e+01
4.574243821186546910e+01 2.234681350241534403e+01
4.461983456973694473e+01 1.393241606504519758e+01
1.269783974504660939e+01 5.279825894669107811e+01
2.099530407816627076e+01 5.054264729990162408e+01
1.779478581956704630e+01 1.228611375389996496e+01
1.709718502328113843e+01 3.553565090538291393e+00
1.978402315204645134e+01 5.015517410236699902e+01
4.030566569684738454e+01 9.504464160427191999e+00
4.353268932551215897e+01 2.316748134946059778e+01
4.712962882670557008e+01 9.871294091063589349e+00
1.452729688865277247e+01 2.356641616032380426e+00
6.525851300118565845e+00 4.796593613807459633e+01
4.777355512550301597e+01 1.978344608877311472e+01
4.084790733412898334e+01 2.527895685938258907e+01
4.620801026427585612e+01 1.887772103767545318e+01
5.658164272348771817e+01 2.076021416167322542e+01
1.435793169058334051e+01 1.152406833220652871e+01
4.547543312408216565e+01 1.377594895146362575e+01
-2.267188950028575789e-01 4.772660587180931202e+01
4.602546331157942916e+01 1.400523999362065197e+01
1.265002637378459482e+01 5.091756588820744867e+01
3.639442122408861024e+01 5.709978762221024340e+01
5.035066812095997335e+01 1.449064829816768452e+01
3.494490964278394074e+01 5.461747332398881127e+01
1.082535309625172459e+01 8.624608307655224237e+00
4.117626879790321226e+01 1.035585972157052836e+01
1.567711097951877797e+01 1.365743976668495563e+01
3.865711546289897171e+01 4.268585071353273008e+01
1.492745408539052931e+01 8.916527081623403461e+00
4.536702578453306600e+00 4.435164292282770049e+01
4.159748633245182248e+01 1.398358866802052702e+01
4.783521620750826031e+01 5.543657769769774646e+00
3.702075528462056297e+01 1.320210667452528774e+01
1.254870247509742498e+01 1.428632173535150685e+01
4.141902035851035180e+01 1.265261154063420435e+01
4.258426347443545978e+01 2.124531745204131994e+01
5.202277684340237585e+01 1.767124878464159821e+01
3.918239703577962985e+01 4.549023295168414904e+01
1.450965343000437002e+00 5.113398113138082834e+01
-8.607824421647507052e+00 5.032480308962517768e+01
2.404084713416892427e+01 4.817440587581513967e+01
3.699778923319318125e+01 5.244550018366346933e+01
4.279357703122052925e+01 1.970582403437315477e+01
4.598289189257990728e+01 1.981789133914931256e+01
1.044351010850822092e+01 5.082416595852673247e+00
4.581533422753992113e+01 2.690404800225763537e+01
1.501695128255826361e+01 -3.670116334785241463e+00
4.714733537099179017e+01 1.784938663582508411e+01
8.360211507555135313e+00 5.350560179645912484e+01
1.007184582938168305e+01 2.281184788538602071e+00
1.240675192396287940e+01 6.203645354395185052e+01
4.093823849515538171e+01 1.606956866794940453e+01
4.758078771989963229e+01 9.075090347784660949e+00
4.546609928971383141e+01 9.075610043467095878e+00
1.577847600348142798e+01 1.631875846455933043e+01
1.647294041330808057e+01 -4.969460823865198051e+00
1.384299538698270737e+01 1.098926491364306912e+01
1.070110488536039028e+01 3.992482080817205237e+00
2.849822250850336758e+01 4.687308281527463549e+01
1.284607107482053934e+01 1.549189878054813008e-01
2.271944969220703925e+01 5.371954553474268579e+01
1.115658531710503709e+01 7.990052337983815534e+00
3.096453603486451556e+01 5.362516884009531282e+01
2.251291947907414936e+01 1.238498759040124853e+01
4.712463004144036205e+01 1.937378508315999071e+01
6.141320826553407386e+00 5.430838095608739025e+01
1.701895155189227538e+01 5.261569489968856317e+01
5.022272508380189748e+01 4.650274334335289694e+00
1.648853288031281750e+01 1.208457270812474782e+00
4.025123032566870052e+01 7.607855514609319414e+00
1.558421144529250313e+01 1.490184237063966499e+01
1.535893433368071470e+01 -2.046404591623938174e-01
7.522436035206080618e+00 3.185109008173943046e+00
4.195975858287665972e+01 1.541983181961044913e+01
4.762963660458517978e+01 1.526548147112871234e+01
4.820247201397759085e+01 1.808365266268094729e+01
3.024036052846593492e+01 1.568988185462698937e+01
1.992255689094763227e+01 5.664299600575462001e+00
1.665812791729618780e+01 8.286645457186834207e+00
-1.191998737636173900e+01 5.564402265439179729e+01
2.310822783754399268e+01 5.672185673859499389e+01
4.096624454911800228e+01 1.172528825810439912e+01
1.820673864626277094e+01 1.280862049564030158e+00
1.739621175633182304e+01 1.104728610822403745e+01
2.338858059641199461e+01 7.274311780614070244e+00
4.198460296441118800e+01 1.785777375753304241e+01
5.256827922903227091e+00 5.321101381250146289e+01
4.752359700301808942e+01 5.507007336720633361e+00
-2.995222211411388002e-01 4.846679405995200085e+01
1.861068707975045555e+01 6.533786508429790807e+00
1.572474917560135843e+01 8.222184744347195817e+00
3.564175639245679861e+01 4.809206895312033225e+01
4.490559850701991707e+01 1.216335920504951140e+01
4.566329836110131879e+01 9.829463774063160741e+00
1.701157690195440608e+01 1.469925789408464567e+01
1.487278875609974982e+01 4.142815211488361626e+00
1.444184320147963163e+01 -2.400632954928068941e+00
3.907600117095969949e+01 5.250956047032173757e+01
3.682334372598682393e+01 1.179237283613553444e+01
1.392847868436653691e+01 1.654159047766084356e+00
1.620642797504389065e+01 -4.544336643899265837e+00
4.677919593880691451e+01 1.128593623902495224e+01
4.048756313857811051e+01 5.795768428499731328e+01
4.841803054627053626e+01 1.675333462897962278e+01
1.776225034914981649e+01 9.315459289884476135e+00
1.657557512862088700e+01 4.212454978897566349e+01
8.708245561713930272e+00 2.930904367278333034e+00
3.676583312222881261e+00 4.610679929417380407e+01
1.815298892179766455e+01 5.148053568861452334e+01
4.723280566536599423e+01 1.398433389668254101e+01
1.005734543151368854e+01 1.034859857771801117e+01
1.343222853826605601e+01 2.516395499487545262e+00
1.728050291925294601e+01 2.339759011059178206e+01
1.819262913247452218e+01 8.537906338975806975e+00
1.783962435156605864e+01 4.758137928291064611e+01
4.427882982695311398e+01 2.140211850362240043e+01
4.862455049368945126e+00 5.474421539907017120e+01
4.727285494887103567e+01 5.124199191071468107e+01
1.935685961213379969e+01 5.175932591869572263e+01
1.801888522071578791e+01 6.803592693395113855e+00
1.056405116996526949e+01 1.358046770478894771e+01
5.056185160230227638e+01 2.253139186122513848e+01
1.405471016979755916e+01 9.222322792206334441e+00
1.761023759184626414e+01 -6.895202877324910773e+00
1.645152239363025970e+01 1.565807376056528000e+01
1.191459938736930901e+01 -7.074694437455530505e+00
5.352403589172567422e+01 1.484904394931996130e+01
1.413982980987264604e+01 1.096887941024533930e+01
1.212295632596928030e+01 -3.388994666128832378e+00
1.422415949201336538e+01 9.265759758610423447e-01
2.152031520136917209e+01 4.451399650729327107e+01
1.332229616854143828e+01 6.767414573707216441e+00
1.566260226193237592e+01 6.635197388912954075e+00
1.392265313951856953e+01 6.349776690736387508e+00
1.386026223787369105e+01 1.001340174750636525e+00
3.708839263749484871e+01 3.535329450094295112e+00
3.551269750082968812e+01 7.159523981455611974e+00
1.622220196829445626e+01 5.415437862352176523e+01
2.027710394264838456e+01 4.555130227442393931e+01
1.052792411844904663e+01 5.823936893128547609e+01
1.648427165711135345e+01 1.078946251767038955e+00
2.910439215934927404e+01 4.848290094708864473e+01
4.132631988040194670e+01 1.651540385979280146e+01
2.192224226289158295e+01 4.311954194762996906e+01
1.587137673729456289e+01 -9.424757933561345169e-01
1.524657381466573369e+01 2.870765465650331194e-01
-4.196536827797451963e+00 4.755975588436030677e+01
1.404962031061086947e+01 7.146720543086191313e+00
4.383638804096814567e+01 1.524827373376452400e+01
4.595947721691912236e+00 5.629969063254752371e+01
4.964991334514495236e+01 1.248587403204799529e+01
1.309641699538699910e+01 -2.425243209810833633e+00
4.771672918584811640e+01 2.594582231976228570e+01
4.220288383217919659e+01 2.078092538173705961e+01
4.223494274669459259e+01 2.338842903587561750e+01
1.170052656404362068e+01 8.888176363432112481e+00
1.155473243655483273e+01 7.675785480446373654e+00
1.626363385934605787e+01 4.381326630610295325e+01
1.152266000929355094e+01 5.876343264927235310e+01
1.736916883361729802e+01 4.945076117356038026e+01
2.468695917242128957e+01 3.785223309539339454e+01
3.896015986264489328e+01 5.023636412158538889e+01
1.646566943291294649e+01 1.376743779140010560e-02
-3.560780915606340358e+00 5.141840877471621951e+01
1.620857576603699357e+01 5.825391190496080895e-01
1.173208073662992135e+01 1.258228722083523721e+01
3.149841875146645975e+01 4.138244729552206991e+01
1.807249679824220578e+00 4.679685234611685729e+01
6.598209636288835611e+01 5.131264807765622749e+01
6.076176566169237958e+00 5.411489115687496820e+01
5.183283513774419760e+01 9.028311931072401819e+00
3.154394968633258145e+01 1.465837532798846787e+01
3.580751793823006324e+01 2.048398618763942025e+01
3.754758259842013501e+00 4.753511464102023609e+01
1.732371143500844468e+01 1.407491045453081036e+01
4.352943794829690916e+01 4.819468846524944894e+00
1.601385275975292188e+01 1.111765963404678459e+01
2.026700937116545020e+01 1.490743038497976070e+00
4.353148880808075205e+01 1.531427498346510774e+01
4.496734382885285441e+01 1.059719375999711488e+01
4.842291897531875833e+01 2.152619300390565016e+01
1.283022619076620430e+01 1.463923208169548573e+01
4.070202746559365892e+01 1.368395526784802207e+01
1.616841118007483402e+01 1.586315807799175026e+00
9.667503144445426244e-01 5.055606027236342470e+01
4.282646743343853046e+01 1.420068540388786360e+01
1.178217334087184476e+01 4.629286245492208707e+01
3.081855087948771654e+01 5.018614930010110697e+01
2.246989274206221410e+01 5.405788062048572584e+01
9.467416139688669574e+00 3.971384009862205744e+01
5.361398491273769196e+01 7.826859343895868015e+00
4.843475302960824536e+01 1.840869328924912907e+01
1.105306619127805590e+00 5.183300606545379452e+01
1.338576739116634684e+01 9.390623226703251447e+00
3.933117028202573096e+01 1.759363661985032934e+01
4.317501982704336427e+01 1.130118726620145253e+01
5.012931729751674936e+01 1.039036367777550751e+01
1.279443257017148028e+01 9.993799701099270294e+00
4.302587048321574059e+01 4.146919380270218625e+01
5.066017829913543125e+01 4.446279319422018972e+01
2.099128448101989974e+01 5.037878806760734562e+01
3.040718228254778666e+01 5.487612534464588521e+01
3.967403564656559922e+01 4.457136799158394780e+00
1.804101520271809633e+01 4.991630541852201119e+00
5.080630377028359845e+00 5.699418896045516192e+01
4.782134897472209900e+01 1.518864844944742920e+01
1.182333464791221544e+01 -2.328492232034031773e-01
3.924747906612260806e+01 2.304183752764584270e+01
3.657231679498502075e+01 1.369276934807827928e+01
3.295695531324341232e+01 4.452859205243556318e+01
4.386232043767862621e+01 1.157410667346717581e+01
4.534880869442485363e+01 1.873555309312934014e+01
2.042989459143330677e+01 4.660976307964210719e+01
1.424413911080239004e+01 -1.782000639988776669e-01
4.819351836493259356e+01 2.287661568957582148e+01
1.715679537584759018e+01 5.385758462877606689e+01
1.827289099820616514e+01 1.201005954142755883e+01
4.697765998300229739e+01 1.519601386280053035e+01
4.014690986526598238e+01 4.698801191770212426e+01
1.066979697776502078e+01 5.009798092496129129e+01
2.495373181092526593e+01 4.795475690631940324e+01
4.744134951469081329e+01 1.780556417788262991e+01
2.887906613312235393e+01 5.443758685516276330e+01
2.781874458788630378e+01 4.192567497508694885e+01
1.232929459246567028e+01 2.451342267611976933e+00
5.083298723034534561e+01 3.752129426915455923e+00
1.226286869200746210e+01 9.208988661023369104e+00
4.556567777040064016e+01 1.999871475207529770e+01
1.096454343094577055e+01 -9.264740867273237868e-01
1.286280180348125945e+01 5.543475405488128338e+00
1.909832618974129304e+01 1.572453351855029702e+01
2.598961371178615209e+01 5.378387106394082195e+01
1.517999225914096151e+01 -7.817373529941029631e+00
1.442585868085334333e+01 5.269936909386176183e+01
4.436265117204052189e+01 1.156261944003562192e+01
1.045296659853750754e+01 9.911720346493602563e+00
3.071621202490495151e+01 4.578665810855545004e+01
4.024851167679244668e+01 4.802592269956148385e+01
1.658065886720293136e+01 4.465606880432195780e+00
1.934189518152285103e+01 1.843494030911928760e+01
4.492011622759526546e+01 1.988290198294218669e+01
4.971263668363226174e+01 1.735736886291908476e+01
1.502773290373301585e+01 2.021894716855079466e+01
1.377725423537190430e+01 1.211248193734170187e+01
1.604034647750620834e+01 3.716902880645167606e+00
4.328430792865185595e+01 2.460496426233422795e+00
4.485741310299642493e+01 1.128604319028686476e+01
2.066886959887393971e+01 4.705408461151674260e+01
1.529295547467076588e+01 1.409839899453341516e+01
1.322377329945987690e+01 1.740041017226575093e+01
4.402453662276949586e+01 1.570007554705926722e+01
3.751367121925201786e+01 6.815870434582905091e+00
4.046745457231843091e+01 1.541782613790806877e+01
-1.449609448865534489e+01 5.340478118739248714e+01
1.738240203733224831e+01 5.113917644249460892e+01
4.956930321964620134e+01 5.549700255736905774e+01
1.705592848989323684e+01 6.511344197796260502e+00
-1.869378521867993470e+00 5.813171112172507549e+01
6.071299276052288363e+00 5.266087750078263241e+01
3.915431236710831797e+01 1.810881171213755536e+01
1.456361677633815255e+01 6.889680997539901597e+00
9.096306321791908900e+00 4.930078795537788494e+01
3.126939030214147408e+01 5.690376159233177589e+01
1.354157200949691031e+01 1.164602514944032485e+01
5.083506236715921034e+01 1.685539950675624965e+01
1.669170191361359912e+01 6.954886562597648592e+00
1.386202939511883159e+01 2.342675441426899319e+00
1.405217244945657740e+01 1.945748001497281887e+00
1.879420183540272404e+01 6.791197252486917080e+00
2.372264294246478755e+01 4.693869924921933290e+01
4.105108432622279935e+01 1.831169320362847230e+01
1.045714762990259672e+01 1.643711678798297982e+01
4.747182009193634400e+01 1.282975844732358084e+01
1.980453690124173960e+01 1.073816295401461041e+01
3.082663942678922808e+01 3.932035044963662074e+01
9.015107046805953317e+00 5.025236799108136410e+01
2.021635988069206036e+01 4.985334139518908358e+01
1.304956812186203585e+01 -1.175506692508988316e+00
4.165963523837009319e+01 1.596143857490398155e+01
4.952166599526774604e+01 1.783385513814732803e+01
2.770629414734068874e+01 5.521445752969983545e+01
4.932876143913152589e+01 1.335680430637517624e+01
2.277581137965260538e+01 5.143090539574804865e+01
1.153569423841869579e+01 7.244022367137034735e+00
3.230433423272383919e+01 1.564733140674479550e+01
1.823787702557703128e+01 4.968110010902146456e+01
1.440691137912478048e+01 6.081469509813156371e+00
1.351871352616266542e+01 -3.325324622488004422e+00
1.232737032817566813e+01 -4.233708473089031088e+00
8.606486866007818648e+00 4.425860552209712750e+01
1.394689681748503318e+01 -4.844388336819971386e-01
1.469423492698626887e+01 5.356836377797917770e+00
1.373587437695186431e+01 -2.214126718012220607e+00
4.752939926455380260e+01 1.885638514661507870e+01
3.146183741842200732e+01 5.168569762658945876e+01
4.491041350709382840e+01 1.841361113107509695e+01
-3.757995717474543085e+00 4.755496106901895104e+01
5.866527923433434211e+01 2.158884465265665398e+01
2.807275072159205820e+01 4.778363462903870840e+01
3.776344440151571291e+01 7.971480498538054071e+00
1.812708212699003241e+01 -7.957139864568723908e+00
1.801006537142865582e+01 5.425573793125786182e+01
4.282987620328908918e+01 2.084678508969106758e+01
7.750623233929568201e+00 4.845130651329526472e+01
2.928739273781712882e+01 5.444222456935716536e+01
5.264450274686890197e+01 8.887982217851332578e+00
4.342384027680814995e+01 8.332257073981100604e+00
1.535941117129623024e+01 9.407764291600232198e+00
3.594074239908995594e+01 1.537066440853273264e+01
4.432813023369637051e+01 1.467262301319338746e+01
4.461363108163082813e+01 1.035449782231265203e+01
5.116244097666006496e+01 1.497352841127063705e+01
1.569401637090456703e+01 4.868872949274307871e+01
1.540463856461363257e+01 7.696290266341157427e+00
4.138901598063478104e+01 2.244244014173192880e+01
1.453459072477952319e+01 8.148581090728898246e+00
1.016742753564321688e+01 1.760357789829621566e+01
1.041648281711971435e+01 6.259390187168891728e-01
1.512963288329159361e+01 1.095505867288087742e+01
2.959285130081393334e+01 5.190590973413625164e+01
5.114681470920135098e+01 5.317207474636694187e+00
1.060777236881687635e+01 5.194480580730691344e+01
1.588904208107292604e+01 -9.960609432460820756e-02
1.443983649349963017e+01 1.061268231346863011e+01
3.489024350256498508e+01 5.419678016134119503e+01
4.674434622054710076e+01 7.965784250018784540e+00
5.456642307474245968e+01 3.954531071793050856e+00
1.596714466375908970e+01 1.332983882155352262e+01
2.857149898615639572e+01 5.627190407761951718e+01
4.079390093967438702e+01 2.472600769192787951e+01
1.156680623244893624e+01 4.511160993999977364e+01
1.509507177730369598e+01 8.548642733599582044e+00
4.775409562078856140e+01 2.127050713479757249e+01
5.308396696852525309e+01 1.357127728517059495e+01
1.948915271605176258e+01 5.159838976844678626e+01
4.851415095938030930e+01 1.885241549896519686e+01
4.037072869682840803e+01 4.983731269656404095e+01
1.793620823711263057e+01 -1.244771170635727842e+00
2.930252146968971871e+01 4.823840442803003725e+01
1.658904826754444173e+01 8.848859010262774660e+00
1.123580516847992783e+01 9.310569942283603240e+00
3.283832951674413891e+01 4.048165533184106835e+01
2.746339511999965310e+01 1.660627233630079758e+01
4.351398660642160365e+01 1.615525482880284613e+01
-6.247580068869069692e-01 4.040634095548891480e+01
3.106429723118567310e+01 5.493336056321090410e+01
9.070156657458838367e+00 6.226917179035366701e+01
1.156345671071460224e+01 -4.615903688865044430e+00
1.274140084602390743e+01 5.329173427317317646e+01
1.876321769348076174e+01 1.769790596675765215e+01
1.369667013270206013e+00 5.264813077795288621e+01
1.197873782214046834e+01 1.360728972609445364e+00
1.333604744269355180e+01 4.404085318695027240e+01
4.380907628018760391e+01 9.708197067454964468e+00
2.534256167749077804e+01 5.591820552005560785e+01
1.265950924833306601e+01 5.770150029468620545e+00
4.070196339755349157e+01 4.781044202122975406e+01
4.989184729159124743e+01 1.514248629803480028e+01
4.272695402917486263e+01 2.204212096705816393e+01
4.059407810192635679e+01 1.775626109685950738e+01
3.957195490501307233e+01 1.416144874938445852e+01
5.319387616819055609e+01 1.518586896204508463e+01
5.337712007186496521e+00 5.362934525774723227e+01
1.987268999107920209e+01 4.179832100162485631e+01
1.880445613530948634e+00 5.056586618097719565e+01
1.703113576491617209e+01 4.331155017766139537e+01
3.989155924967591460e+01 7.742407334346747660e+00
1.552139865687628273e+01 8.985685454980432141e+00
1.912830757709096829e+01 4.835364785114212083e+01
1.800371242126257698e+01 5.825537348571700136e+01
3.269651528124231277e+01 5.351118371006911900e+01
1.648786578387533197e+01 8.679803018611057297e+00
1.710050226631883774e+01 2.229969346858784007e+00
4.864825004082762661e+01 1.911122754041456062e+01
4.461447625955290164e+01 1.294350952433137358e+01
1.695109233540661364e+01 6.120519744258380079e+00
1.909815271304591278e+01 5.722969773163933738e+00
1.355793835957442361e+01 3.412343151996999779e+00
1.360223355277528157e+01 4.341522334155534679e+00
5.607747182853371726e+01 1.911393371558254373e+01
4.870354252230664116e+01 1.689898245553757405e+01
4.193692794230081944e+01 7.031271471126245842e-01
1.469593430337558360e+01 -2.578750029920847453e+00
4.588355968587122646e+01 2.259845922150540076e+01
1.600401060936142983e+01 9.478675668362486206e+00
1.340173998668899813e+01 5.588450541667463511e+01
1.055461137377813330e+01 -4.003107190834827023e-01
1.156108093331269515e+01 -6.264902941918512269e+00
4.381640330529592831e+01 9.959025416224301708e+00
4.244386119232635224e+01 1.420989130419613389e+01
1.359365367698572058e+01 9.336449087789176815e+00
4.597880374061588782e+01 2.123195243256835241e+01
4.938646867435762999e+01 1.361765037845941784e+01
1.386589929406878596e+01 1.431579119187795346e+00
4.154713665349478191e+01 1.564577616879822841e+01
1.255740729648590204e+01 5.255403201030130589e+00
4.574821461715177406e+01 4.872219662469184698e+01
1.581068011013740637e+01 4.811309011566580196e+00
1.828164499076162741e+01 -5.436435632720149513e+00
2.915896304436456177e+01 4.554615365048157116e+01
1.367798759300976563e+01 5.732912428256559778e+00
2.312039730501554047e+01 5.808069491082621028e+01
1.737000902778653710e+01 4.579826233177062988e+01
1.057931675162863172e+01 1.889276552769217687e+01
1.772481646930882349e+01 5.224390392071054379e-02
2.677824980561286594e+00 5.452390179318895491e+01
4.213935838540697887e+01 6.947276653288037451e+00
2.289113919081154691e+01 5.704832867795150264e+01
1.266941003069327998e+01 1.003665145851768692e+00
8.631581191680863796e+00 2.977549850876035631e+00
1.072287670895740419e+01 5.118467936843631350e+01
2.151977807804820131e+01 4.514379999537240451e+01
1.209217210428190192e+01 1.011849293314458009e+01
1.534780557069449003e+01 5.882789388153431531e+01
4.687463642708837597e+01 2.675048246922288087e+01
1.011730896815143410e+01 4.844054018960859054e+01
5.760416776062621125e+01 1.985019940658173354e+01
2.804373324921339261e+01 3.909245355598513783e+01
4.472418851081513935e+01 1.524253328571822941e+01
5.374008233199347728e+01 1.851876608789234524e+01
2.047925577859581736e+01 -3.776069934380359427e-01
2.507964298094945832e+01 5.223317678713105749e+01
1.404866753592911621e+01 -3.584061349233843785e+00
4.324449110813059605e+01 9.868052337013065056e+00
2.054791591631121150e+01 5.071787483602658853e+01
1.992108883330215008e+01 1.863617848759595930e+01
1.142810115118266623e+01 -7.918124067154353796e+00
6.264553721314987556e+00 1.085426277827874131e+01
3.895143016586467866e+01 1.864018526087652816e+01
4.262955629121227474e+01 1.325883376135799807e+01
1.254119264464109840e+01 1.900821523704239624e+00
1.495910327271529994e+01 1.955969786696605706e+00
1.964747982819131877e+01 -5.066047207570129274e+00
4.071020912673873227e+01 1.744753490879427815e+01
1.563844089277185567e+01 5.519626295391844018e+00
2.108269819233125375e+01 5.125330340827617448e+01
1.070926538013805640e+01 4.228227506427634808e+01
1.608327550164595010e+01 4.528108857659451303e+01
1.921428207380837705e+01 5.069999186192755758e+01
4.058174563410690894e+01 1.075046571376946147e+01
1.282914018052161964e+01 5.127850143275124140e+01
2.000662809186577817e+01 1.048668141664092701e+01
1.627467732379839660e+01 -7.141766643511921586e+00
8.683591377842342141e+00 7.327590952886593456e-01
1.977309323343290615e+01 1.220628209451908752e+01
2.723784764751531640e+00 5.383178113897138672e+01
1.606499768827945118e+01 1.293907322453996755e+00
2.401948460345264991e+01 4.836407182618275158e+01
5.183911529090477188e+01 5.235710579417427013e+00
2.774969766182979924e+01 5.018731124263074861e+01
1.355284172011013055e+01 1.072452136953050683e+01
2.562479013366200320e+01 5.725140080930219000e+01
2.908642863155812108e+00 5.428732813389731149e+01
4.642928682869015944e+01 1.545200433735526602e+01
-7.208273846095277548e+00 4.725931432457474557e+01
4.341240523434074561e+01 1.354302462860415446e+01
4.858540734752129708e+01 4.217810998298006098e+00
1.973953994486211627e+01 4.544153468108341087e+01
1.039364554143751640e+01 9.939096195807344714e+00
4.781311947092405035e+01 5.213008365725825399e+01
5.524867731272528459e+01 4.142583091914360693e+00
4.390665797172815132e+01 1.546393453868613754e+01
1.140978899716483141e+01 -1.236090255373675362e+01
1.346145227332641703e+01 5.688075055756745257e+01
2.986390751806966648e+01 4.105262744845245493e+01
-5.880844357628792096e+00 5.078549831000681536e+01
4.808297626492279164e+01 1.119364642722101522e+01
2.814814781120980314e+01 4.478781333081265359e+01
5.016138628204633676e+01 1.962100608400184854e+01
2.326484703975867419e+01 5.158999018652732360e+01
4.516785808468191732e+01 1.345976012305870029e+01
8.526720411084699691e+00 1.739372402665205186e+01
6.705704115468275717e+00 4.988152438331981386e+01
2.172714371912507048e+01 4.834074471759274871e+01
8.029861060018342656e+00 4.811817293477090374e+01
1.240957520633427258e+01 7.153264763175126717e+00
4.875511564692487099e+01 1.870842402710807306e+01
3.756467921246308350e+01 4.646947691075634168e+01
5.336269961217679736e+01 1.806704982178775865e+01
4.948462649404087443e+01 1.784822096186649887e+01
1.266199953860851579e+01 2.982323292394460701e+00
4.376408960026385131e+01 9.480403159326888485e+00
5.010375579950458302e+01 1.340031474550949220e+01
4.634569596064819308e+01 1.599042641124268016e+01
1.791891001133412331e+01 9.330843259608425200e+00
4.096456256629843296e+01 1.502297548880435762e+01
-7.028371002674678181e+00 5.579615951297468257e+01
2.459717406487005320e+00 4.905698397731458726e+01
4.557310892092781529e+01 5.467509057938604755e+00
1.971850315000127196e+01 5.606886683127208215e+01
4.200212101526641817e+01 1.201413121070892309e+01
1.119071649936025814e+01 4.609453753772414331e+01
2.050385947828506517e+01 3.061321622247280771e+00
1.681758355119883319e+01 1.549814734426947105e+01
4.784870982914170412e+01 1.003829870606884533e+01
4.689244551182969190e+01 1.200605745217146492e+01
1.512928132941472548e+01 -5.549852360161050768e+00
1.961721168624287515e+01 5.734410471512044971e+00
1.191351702359138898e+01 1.417207448998374808e+01
6.828529418982597576e+00 4.574860474426783696e+01
4.161748623380512413e+01 1.978221864328044077e+01
4.762174457075181522e+01 1.426709036201391534e+01
4.778575029538745156e+01 1.383842554499906186e+01
-5.258761048527851756e+00 4.913206323348729399e+01
1.733704842687652103e+01 7.548676888309358013e+00
-2.925657138817250313e+00 5.070634917515687334e+01
3.924837903167546926e+01 1.883375274620334849e+01
4.490089959442564549e+01 2.105769896065789837e+01
1.798035844431093722e+01 1.037264673575223739e+01
1.686321765285756058e+01 7.366041764099117373e+00
1.617372735624867275e+01 1.270368096046623485e+01
3.141550179808341170e+01 6.943623520514519143e+00
5.034174449674135587e+01 1.969631625520526796e+01
2.436458809694792649e+01 4.559958963136081422e+01
1.529064458970774254e+01 -3.981588001800901111e+00
2.101655209668136592e+01 1.034403388178920480e+01
1.861668016172183115e+01 5.317759539015502135e+00
1.328774446733519632e+01 -1.815674891414567504e+00
1.502636538061187466e+01 5.796697474336616196e-01
1.516138281910025043e+01 5.950188987380901295e+00
4.350768634424219528e+01 1.396517332662671151e+01
9.604517260591581618e+00 2.428249339901334292e+00
2.148544582652230517e+01 5.131746032141890623e+01
2.891255720665633788e+01 5.839011704548054382e+01
1.321935085540147270e+01 1.067519028067204090e+01
1.198269755774979295e+01 -6.062633301972608635e-01
1.719668524488741568e+01 7.037297270472546273e+00
3.950835880640769204e+01 1.033452128681979687e+01
4.572778634534245867e+01 2.138975232815478478e+01
1.440376389518780975e+01 6.150798666970914930e+00
4.345948843992238153e+01 1.900716092042622307e+01
1.718029561868705812e+01 5.199617344008704123e+01
7.672628170009714310e+00 5.706834183310009223e+01
1.310973236632269234e+01 4.359669985242192780e+01
5.060040191910854901e+01 1.040392873820412944e+01
1.732474763013951602e+01 4.149816900257383168e+01
1.130433493903892384e+01 1.751645455015236053e-01
3.933391329060915353e+01 1.855102401604553819e+01
4.457430795977110449e+01 1.007716157030766269e+01
1.876618294364635631e+01 -6.375507614663074918e+00
1.312478011589131555e+01 1.108456022360149262e+01
2.630001676000399513e+01 4.663892199745250622e+01
5.327667813921360107e+01 1.454868073500597347e+01
1.491855124450713710e+01 -5.501886923611731817e-02
4.756488253927101084e+01 2.108072634927692235e+01
4.035527234439435773e+01 1.530766897144933480e+01
2.761711889042689094e+01 5.111341166170832651e+01
1.864945067444695681e+01 -3.075388508276292399e+00
1.519434189727577689e+01 5.050218756464753511e+01
4.446999242030625510e+01 1.553207929998384706e+01
4.790022398106590629e+01 4.490366539872741924e+00
1.086450504909581127e+01 2.682966260977159401e+00
1.430054448795959487e+01 4.903082927972189253e+01
1.383059789472202716e+01 -1.793662562182343656e+00
1.853447565983742962e+01 1.454951344492300347e+00
4.618115862656052428e+01 1.297697194271569288e+01
4.391465676533034923e+01 4.981652168876500753e+01
5.061908380648002748e+01 1.374749163203641977e+01
3.952907710019925958e+01 1.339451250857291065e+01
8.632949464165143638e+00 4.592390096248895759e+01
1.444364261012825779e+00 5.501301140367956322e+01
1.394076590469579813e+01 -7.172419771097748864e-01
2.187881492956112695e+01 9.137086228774013108e+00
4.924077636567967176e+01 1.627912911501838167e+01
4.756930215276990026e+01 1.541459202642299253e+01
6.623972240064139427e+00 5.254478773579009498e+01
4.384181321856080871e+01 8.550733930706162056e+00
5.237874664414971448e+01 1.030862354491028654e+01
1.704803487079995961e+01 -2.985535041867582784e+00
3.132903752011394261e+01 5.115581280608601844e+01
1.036026993409235075e+01 3.218203596117889198e+00
3.903323434624195443e+01 1.050493331530745778e+01
3.320572465469722800e+01 4.495467455273596613e+01
2.911159491592906079e+01 4.629773097519716885e+01
1.601447806069364077e+01 5.510051993821655003e+01
1.687762960688093727e+00 4.578865827777788411e+01
4.808540928292207184e+01 1.076738638608213172e+01
4.560583327444759050e+01 1.505890210546768770e+01
2.621151576076418976e+01 5.607447321551094888e+01
1.327062951870468055e+01 1.318081391335245378e+01
1.722785479111247398e+01 4.059180440693992864e+00
1.528726190456906764e+01 5.087966689179074820e+01
3.066600643684325433e+01 5.945441331006078656e+01
1.239953237906858341e+01 2.899225714629854789e+00
1.375248073233883161e+01 -1.399316310107136196e+00
4.167822123316263117e+01 1.675036093162509943e+01
1.113855143684684812e+01 -4.617116648684701730e+00
1.310191467615521965e+01 1.242568943552258176e+01
4.041533932919775651e+01 5.847747225720618758e+01
1.639399149841863235e+01 6.195836068056159718e+00
2.044656034486107288e+01 4.622773933556228343e+00
4.820437834586027037e+01 2.153995611417366263e+01
3.399062403206898608e+01 4.087685192987476057e+01
4.308150665797418810e+01 1.883188915670363528e+01
-5.020760026701893253e+00 4.390715725190294449e+01
1.838371726213496871e+01 9.355789655846672659e+00
5.412002856851689359e+01 4.023717887283889638e+01
6.367409786010661321e+00 4.957939627018654960e+01
4.986774857622199164e+01 1.464561420584469786e+01
1.508483888379078053e+01 1.058205058872673732e+01
1.450229995181425480e+01 5.364744424957057944e+00
1.533376853677097706e+01 5.523536565461310666e+00
4.158583867675898915e+01 2.223396050761211029e+01
1.761925238590544751e+01 -4.525729591279432640e+00
1.615625331146133448e+01 4.613032529985792607e+00
2.235767174238345589e+01 5.067673322274549719e+01
4.410085764443995515e+01 1.353890790888504903e+01
4.586782386233848285e+01 4.595221459676024267e+01
4.464276266493705236e+01 2.098542394235601094e+01
3.737661108043049296e+01 1.054516179266802212e+01
2.134397254315348036e+01 5.007781697786990804e+01
3.982524272014063627e+01 6.828520209413579067e+00
1.158622195886665018e+01 4.659011409336909537e+01
2.667085437394963776e+01 4.807306614346462936e+01
5.745564655629156192e+00 4.631227642201123729e+01
4.845608681683444274e+01 1.735099926958195127e+01
4.652801331010487473e+01 1.270970689114290053e+01
5.062054619883116402e+01 2.454600931123464136e+01
1.895517509144928781e+01 1.323480812992834466e+01
1.418594602588249920e+01 5.602938551702538206e+01
4.021776780400792006e+01 1.344702628063664207e+01
1.639524613353103888e+01 5.565844417561105928e+01
1.704865529361880405e+01 2.502824587375351229e+01
3.158823707965881056e+01 5.404038331754113500e+01
3.790552677677084858e+01 1.172862257538577424e+01
1.180958965195362254e+01 -4.621341571337348242e+00
1.915115511384345126e+01 4.980616478104456846e+00
5.295772675720438372e+01 1.308367985047297566e+01
3.898702530232270647e+01 5.213119754128229744e+01
1.513198412987861019e+01 -3.344135791608380259e+00
1.335418574620794452e+01 8.336233267319954621e+00
4.009337964192226167e+01 1.644149924276183583e+01
1.258359820936670559e+01 1.231777093570612891e+01
3.265617839731901739e+01 5.325384562889566098e+01
-1.974522616452649260e+00 4.843213901699509449e+01
1.703080055582340790e+01 4.996788399091082056e+01
5.225944930766785745e+01 1.564241224511738793e+01
1.513956003299454345e+01 3.656224670551344147e+00
1.229568337452231930e+01 5.002157718250582086e+00
9.551583925851920398e+00 5.303368205283602776e+01
2.969550971017622487e+01 4.120513966522647564e+01
4.490038913566686318e+01 6.105774002540776735e+00
1.034202144137245050e+01 4.098629038048559181e+01
1.174842687282383302e+01 1.349509391895552035e+01
4.505704562584453043e+01 1.445885394936898116e+01
3.213592124830316266e+01 4.344988876244330811e+01
1.867319259647725005e+01 4.635388717772671363e+00
3.972343197783289526e+01 1.409994512776528452e+01
1.828586652678451330e+01 -3.800034642536019192e+00
4.413825737107006830e+01 1.456742548133573401e+01
5.844714663307834712e+01 1.805728294498793218e+01
4.012467961816474826e+01 2.881231314144166689e+01
5.347164491416049970e+01 7.074044070145214747e+00
1.657294180418654861e+01 -6.884202041129750427e+00
4.210806400577639153e+01 2.049881997274989942e+01
1.550049888718740831e+01 1.605676827182873012e+01
4.616565533980785574e+01 1.356393219797074678e+01
4.153889443560320416e+00 4.967252794403589178e+01
8.306992505537586169e+00 5.264009149680861555e+01
1.344968046125723582e+01 -1.276139867536307371e+00
5.340779489842304883e+01 4.916375032270454426e+01
1.246942957000225860e+01 1.025303467101396926e+01
3.449434104185379368e+01 5.224335722475117194e+01
1.371956594859980960e+01 4.962404842950058992e+01
1.370330583913122169e+01 1.304625733404930976e+01
5.225872941621265255e+00 5.471036960695034423e+01
1.768900887293913371e+01 1.223830966135731657e+01
2.470357109674981189e+01 5.088871231131771822e+01
1.023501126167693442e+01 9.043112307494578062e+00
1.850480073161894268e+01 7.098069495310449284e+00
2.415237423170422204e+01 5.277730873268148315e+01
4.376504553971236788e+01 1.526513822677762811e+01
4.209528210986215413e+01 5.846014363554405691e+01
4.081559288085348669e+01 1.147940417852292505e+01
1.699529292442856132e+01 4.673391182188951376e+01
2.086263044973208025e+01 4.959326375813787990e+01
4.883957104575263486e+01 2.736196826422848360e+01
1.854257721909412737e+00 5.536571091173946968e+01
3.765033983424490316e+01 4.888519266216918879e+01
1.956385126970714339e+01 -1.933693028969027061e+00
8.160132347467454750e+00 5.642375418192877845e+01
4.078680015554307658e+01 1.451256279291093065e+01
3.786882698593932872e+01 1.067078058206887547e+01
1.747659201824800235e+01 5.147059535849815148e+01
4.617948300761448621e+01 1.387051516211951352e+01
-1.249238366936891964e+01 4.019890822294806298e+01
5.467705530422758642e+01 1.131469376912455083e+01
4.168943989538075101e+01 9.476712066687223768e+00
4.358383723633244244e+01 1.134074505354715612e+01
4.559137349836334607e+01 1.172207636788306573e+01
4.234291913713999378e+01 1.001729117413308146e+01
5.354436270632163541e+01 2.215044811485138254e+01
1.597544347596147851e+01 6.370130746725426008e+00
1.307889669609643235e+01 1.622127460007556721e+01
1.270335781609911052e+01 4.951317779233884409e+01
4.688016118562766366e+01 1.344399645913952313e+01
3.730739685007320361e+01 1.652726577486716764e+01
3.857498925733699480e+01 4.350927572937607124e+01
1.513434953789281501e+01 9.167569353911460439e+00
4.714019431061351639e+01 4.401550777873926279e+01
5.048720703830319678e+01 1.579705570085550725e+01
5.358693653166146476e+01 1.278314167782296451e+01
1.363485137974571870e+01 2.345570087599303477e+01
4.008219646565137850e+01 2.123930195347761796e+01
4.510338128592287177e+01 1.037609311597995720e+01
5.495851025491757014e+01 9.350803574939167362e+00
2.501681530557021205e+01 4.878075572627449930e+01
4.219675741192197194e+01 1.460208204372828433e+01
1.389080844533083869e+01 2.237096058618244143e+01
1.832230971171075140e+01 1.596477321798991866e+01
-3.915560413403152751e+00 5.076520447930803925e+01
1.793195953740037396e+01 5.541898890428086588e+00
4.209664562621821204e+01 1.767627014340450131e+01
1.579369476864936317e+01 1.875531934388478650e+00
4.153910112046960990e+01 5.397923101119060263e+00
1.042341367426788068e+01 1.121112427751360308e+01
9.209768324979330956e+00 5.500754652061677064e+01
2.080897644611440001e+01 5.776616999494820703e+01
3.729946645469199495e+01 5.037873201574751647e+01
4.311284795275280857e+01 2.636494013131094505e+01
2.599130712142556732e+01 4.878583463566555167e+01
4.631425407296858054e+01 1.010087199039479344e+01
-1.544016300911064121e+00 4.399624916766512683e+01
4.805790954760544054e+01 4.414177439434627814e+00
3.341018383273605963e+01 5.024244655242102908e+01
2.643132278764264953e+01 5.082047105005955956e+01
4.071173635083647468e+01 5.515339038670666127e+01
4.885447220111461064e+01 1.647545336697620399e+01
1.446578679553901203e+01 4.929954543753483875e+01
2.177431331388025271e+01 4.655130502053808073e+01
1.304535385025814520e+01 1.299448429390465165e+01
2.225428166668006469e+01 4.665107960384725061e+01
5.682299670602654373e+01 5.208771026291813655e+01
4.740279965870957568e+01 1.897342815755630241e+01
1.061052083986767869e+01 9.072137445303649628e+00
2.303343058328791315e+01 5.285649191934036395e+01
1.605286981102826616e+01 5.611150121726782736e+00
1.052027187867122393e+01 5.255332470402373701e+01
1.387440054625441199e+01 4.997226181394331945e+00
2.423940545972672567e+01 1.491655310504330423e+00
1.385894752669143948e+01 -5.736265933083332769e+00
4.989506543166503150e+01 5.702119493839062159e+01
1.765106216222867630e+01 -1.885294202176091005e-02
3.699027845381699819e+01 1.663228394450657888e+01
1.527521777703499595e+01 9.708842274140531359e+00
3.781186657513410410e+01 1.761624205420203637e+01
1.337963380266415925e-02 5.276858559115122915e+01
2.126944377579019374e+01 -1.408601575199778466e+01
1.631553627841423904e+01 9.069836041499439006e+00
1.506343432127405357e+01 1.647779777846348104e+00
-8.787557111533295995e+00 5.417659481852635395e+01
4.118417159940054262e+01 1.078824320254403801e+01
1.755006225354395966e+01 1.489374762829030630e+01
1.217994815868848946e+01 -3.488897228790790450e-01
1.459691113759670067e+01 6.241658140583137282e-01
3.718476214742714347e+01 1.278927410877781057e+01
1.248900778087038255e+01 -3.723020568815069709e+00
1.381444911202868653e+01 -1.626582971816390000e+00
4.701031922441929822e+01 1.401303695593828635e+01
3.733361844915773986e+01 1.897619262048475264e+01
1.802681578492625292e+01 -4.854468223803571902e-01
2.276586769024484980e+01 5.062593262524671900e+01
4.383985427884395847e+01 1.146044782965916653e+01
1.252368238228425312e+01 -8.100938954958099458e+00
2.592100587189941052e+01 3.855528075177350189e+01
1.717393935387912407e+01 -7.583292895945294987e+00
2.680428394395639913e+01 4.807989038813136062e+01
3.981481794012822206e+01 1.924801460057907576e+01
1.636744254142013588e+01 6.420245861739169335e+00
4.619672225671163801e+01 1.307177988467450902e+01
6.411759494345087518e+00 -3.493932886320219922e+00
5.002660130434101404e+01 1.868826674673451649e+01
1.465418354394673983e+01 4.778704730444322024e+01
1.405951733103313650e+01 -2.523344284899735612e-01
7.934666452247064683e+00 5.813978657608931400e+01
3.931345059865506641e+00 5.661746398525171031e+01
2.427206414519883282e+00 4.778210684200620761e+01
3.370944214319152366e+01 4.809929746833888231e+01
1.122332197147449762e+01 5.423474190431197606e+00
4.054321005276104017e+01 1.132369205813988700e+01
1.490061171790685002e+01 1.132589066800928634e+01
2.030774639394827830e+01 -7.323164682363909606e+00
3.255782104112998354e+01 4.530172356363151209e+01
1.106245900415862415e+01 -2.870720404670027648e+00
2.384907996384625051e+01 4.273104729617870134e+01
1.774620700635493264e+01 5.991442782932029587e+00
1.690169038357992193e+01 1.346582155570841621e+01
2.942116086936252373e+01 5.096138732658769044e+01
4.305478853953140828e+01 1.601784266823305458e+01
5.103979670442324590e+01 1.902505815729518091e+01
2.003183884650800906e+01 6.996010595104725560e+00
1.996844028282148997e+01 1.179768400935271799e+00
4.739310234715494374e+01 1.627435958622160328e+01
4.983409220855040189e+01 1.423684542197753089e+01
1.497099004681537338e+01 5.386207225150611322e+01
1.532746825156993431e+01 -3.097044458167813374e+00
4.958625126629191016e+01 2.718402974476795464e+01
1.534811074733275227e+01 5.034562886679043459e+01
2.748002715980404531e+01 5.203757823470385802e+01
2.920581254863499510e+01 4.101068723905005697e+01
1.770267897976376759e+01 2.793427795142773729e+00
3.650944595030926365e+01 2.089198445431010498e+01
8.013995015774199260e+00 5.238079485301205551e+01
1.165748145019866122e+01 -7.287768456471594547e+00
5.156775673766374979e+01 1.598620227969586161e+01
1.818941327562629340e+01 6.036308029282393051e+01
4.204533587097591862e+01 1.808566117472913248e+01
2.130657099015390443e+01 1.784914901303998391e+01
2.215720998726348512e+01 2.365035589264218086e+00
3.306935926109593993e+01 1.988133904115838035e+01
1.244038237044716411e+01 6.595513304134340338e+00
1.762452172055355604e+01 5.137417154774920647e+01
4.781692664789682823e+01 1.838314567352628615e+01
1.409615353446129404e+01 1.207564703434853826e+01
4.745097626464139040e+01 1.264067500012003720e+01
4.222072121740338702e+01 2.119604108658669261e+01
4.331043294487297146e+01 5.818365802663049635e+01
3.354412737606081407e+01 5.480151768098141218e+01
1.717389638396103280e+01 1.382795116322801832e+00
1.548366607349161939e+01 5.100110611251646731e+01
4.112024291409517218e+01 2.293333868495232863e+01
1.412626619072913492e+01 4.391468006491184184e+01
4.294410042120445326e+01 1.670168238470164113e+01
4.041279905991596877e+01 1.661480303615514487e+01
1.699353019239627116e+01 8.284339409820789868e+00
2.119979735301859236e+01 9.349947804006502494e+00
3.377577942191201998e+01 1.618676932362602372e+01
4.027376755060126712e+00 4.913471921606533499e+01
5.475321511001012453e+01 2.044146697819972758e+01
2.195029187446688468e+01 4.654920138483802816e+01
4.786660252040231711e+01 1.946620208428501186e+01
2.291775518938318257e+01 3.852095925095065354e+01
3.847258337588133514e+01 1.532529312459172743e+01
1.565676739863680034e+01 8.184736168352175767e-01
1.576218804652505945e+01 6.057362085014933228e+00
1.189449877319940363e+01 4.966466665226597144e+01
1.600034577311404860e+01 8.776804848854318664e+00
4.804609422501813754e+01 1.468595673226448994e+01
1.575708474685879779e+01 9.498420032593628548e+00
-6.847585617238593159e+00 5.888103690332031448e+01
2.018807935392647224e+01 1.393323296087473651e+01
1.495956422555045862e+01 7.851023863826123161e-01
3.838746139491305343e+01 1.838451697353980308e+01
8.555422399690064239e+00 2.416998045435052145e+00
1.786284243877493338e+01 6.627148122125426255e+00
4.350108240041432595e+01 1.521203366005825863e+01
3.521011251731083291e+01 1.491267490586622912e+01
1.519569325097102563e+01 6.632429265125035833e+00
4.770341918052838537e+01 5.972867030355185136e+01
1.325053301842867981e+01 -3.906134783616654005e+00
3.520565094214843072e+01 1.385339805153297021e+01
-3.110969050394150059e+00 4.279269582967292251e+01
1.656139183607979604e+01 -4.948658032330113699e+00
1.795460283443341254e+01 5.707929464634924344e+00
1.794869946858785070e+01 5.864699100010771815e+01
1.334809660618736160e+01 4.911923514001773583e+01
4.784551247554203712e+01 1.580846454200727891e+01
4.801532018698928539e+01 1.234578724900086755e+01
1.903673105671511934e+01 -4.197516802139885428e+00
4.635792308437572729e+01 1.904098328942347251e+01
3.212217091504724920e+01 4.869020907789386143e+01
5.055592789679808874e+01 1.196556825544389646e+01
-7.681959170561274419e+00 5.088480452345541494e+01
5.153706925139961470e+01 4.833245145682703026e+01
3.202205714590218832e+01 2.101264697632506540e+01
4.603975338698629827e+01 1.469722438925784225e+01
4.813213339743413854e+01 1.384902932699278466e+01
9.515281459290713784e+00 5.675105500979173456e+01
4.293693091318626642e+01 3.172356352764055387e+01
3.786134770923281678e+01 1.934345916768293705e+00
1.440887963881588973e+01 1.772006458516395710e+00
1.376141318749001208e+01 1.514926023677807976e+01
1.467290770503347552e+01 7.819908460609749312e+00
3.420405985295138862e+01 5.931452407028838536e+01
4.225945891689040934e+01 2.065501366267180217e+01
2.018911420978944093e+01 1.289694556226055866e+01
2.122263538907424874e+01 6.228100267597688422e+00
4.324119464770507903e+01 5.236936938757231275e+01
1.187096612729561862e+01 5.715855439408495720e+00
1.658676068748373211e+01 2.966596842693795111e+01
1.920084174297701551e+01 5.229648131034905134e+01
1.302586222895237889e+01 1.013525389856724246e+00
4.012431478305333599e+01 1.742882683861605386e+01
3.492187555523639020e+01 5.505007381790522913e+01
1.362817027683725080e+01 -6.302915216227944484e+00
5.171424856120567881e+01 1.288060399484283280e+01
1.226326269398678548e+01 9.893667630340925001e+00
1.283470038866092011e+01 5.935475657540725258e+00
-7.689000594835917468e+00 5.381338096245765712e+01
4.915458369335539146e-01 5.499995609306546385e+01
2.697334742650881623e+01 5.086595591025994167e+01
1.526585070677920797e+01 4.862308086137541352e+01
8.686595218528577078e+00 5.195619321665730439e+01
1.485881275408346447e+01 -3.918163214638278546e+00
4.259192697625347535e+01 1.741666673629478623e+01
5.544573466850879129e+01 7.903631753039145558e+00
4.159506220770494167e+01 1.747793758568368361e+01
2.790651793064040476e+01 4.447721245200315821e+01
3.425156163482968452e+01 4.243298671744452832e+01
8.889372141421739926e+00 4.913857974913477022e+01
1.512293083963169238e+01 -2.453185430630568931e+00
9.026733465189483496e+00 6.633360745366827516e-01
3.946755035532034839e+01 1.331062426195747328e+01
2.115746960248343456e+01 4.201839471870025733e+01
2.025841742662435507e+01 1.620872841199131642e+01
4.632553402873484316e+01 1.146728191522972651e+01
3.721514002039764790e+01 7.454514746936501624e+00
2.898956276115015385e+01 4.815950886668329645e+01
4.072819401810171769e+01 1.737133465730948245e+01
5.694687368177206110e+00 4.992869685578771310e+01
1.200560820406206020e+01 1.180719796721084336e+01
3.968298211679893939e+01 1.304885245407080951e+01
3.682807340782658656e+01 4.497123318344559806e+00
6.335562641602516720e+01 6.252750618287461748e+01
4.679106794868039287e+01 1.471042529938249643e+01
9.791217790969710677e-01 4.748550052523851406e+01
1.775486125769731771e+01 6.316660499701022502e+00
1.588320214068441416e+01 -5.853098848029874901e+00
4.336537993991711204e+01 2.799203004975205999e+01
2.245789107367108883e+01 4.775107596568258117e+01
2.116136785330348857e+01 1.131106711879495030e+01
6.680905447026166399e+00 4.290994584404460710e+01
-1.114998771278240497e+01 4.163130471030201107e+01
2.868715522235838478e+01 4.930123638292752020e+01
1.228747228916333967e+01 2.999065606650440419e+00
4.582410086407210770e+01 8.062765745532344042e+00
4.740759253957713781e+01 1.149435836652093812e+01
1.116744933384671690e+01 3.269810800394417072e+01
1.414471779919337635e+01 4.933765479009585420e+01
1.270425301245597716e+01 6.997121441704118538e+00
4.743212344918663348e+01 1.476322176421582988e+01
3.329718901476947934e+01 5.078563056336163584e+01
3.574194295311669123e+01 1.303551015433239435e+01
2.000095003876190347e+01 5.070500786097517221e+01
1.382314638168148591e+01 5.594608604122902840e+00
4.069464461314166215e+01 4.414502268920095673e+01
3.764756613732881618e+01 1.253337051448505157e+01
4.834882947170321188e+01 1.602514742704658701e+01
1.561971476607447507e+01 1.124524361035104114e+00
1.205110574071541407e+01 5.455559561044949390e+01
1.335649447520558830e+01 3.398733022206461563e+00
1.491396334686887926e+01 1.889067919408694252e+01
1.743030698202814577e+01 -4.379429866038112351e+00
4.805045526299828396e+01 1.068953759463728836e+01
1.830399808122430017e+01 -3.573027664646261314e+00
1.198821549906251427e+01 5.400590827812903427e+01
2.099970073243329693e+01 4.655158806224511636e+01
1.868325043940529540e+01 4.266957557477049079e-01
2.466070154843854922e+01 5.253573564553092012e+01
2.292939003758110417e+01 5.380397568305121325e+01
5.622977767770698421e+01 1.315943108421570429e+01
4.245202040987963699e+01 2.085345366251786459e+01
2.895237622754945761e+01 4.109206984796963269e+01
4.574441147293571674e+01 1.894078541916582736e+01
5.279353383392126631e+01 1.649112334753250764e+01
1.349813950915900662e+01 6.165520959426657122e+00
3.988978540333206979e+00 5.294614209469320087e+01
1.660681790829599791e+01 4.534578111633857844e+01
9.928716630327103942e+00 5.541812790522534726e+01
4.804729658987263718e+01 2.658514214484145910e+01
2.507749667968357343e+01 5.727752407924528910e+01
4.553461701853078125e+01 1.189382796697953282e+01
2.435650888291911542e+01 5.819985843851178231e+01
3.716308045029690277e+01 1.498000876916236912e+01
1.428362306115534430e+01 9.053531229275307624e+00
1.118846603147922991e+01 -1.043335410071966862e+01
1.424444887570196627e+01 4.729588870425573077e+00
2.671251928032774359e+01 3.587552615983842941e+01
1.451381034903560341e+01 -1.101198131276936465e+01
1.438727967731039747e+01 8.583558940752265443e+00
3.115837886198813678e+01 5.355434168717275867e+01
1.466180983695865692e+01 4.349398111465200145e+01
2.602515998399582742e+01 4.399219918704345389e+01
3.179087320595889921e+01 4.501347070876241929e+01
5.021111009829260752e+01 5.210412254176011260e+01
1.528408355321135126e+01 8.569509050419128471e+00
3.332687489981299223e+01 5.764734757810417420e+01
1.373565285485731735e+01 3.915937142509351432e-01
4.219610004711390161e+01 1.524811872087923881e+01
1.374608858634620034e+01 1.026955367111855821e+01
4.846234266089697229e+01 1.559464067113377972e+01
3.430248683860774861e+01 5.162202441692621591e+01
1.203973212321030850e+01 -1.169990480091494867e+00
2.715057145540206562e+01 5.261689281955275277e+01
8.008240149463734525e+00 4.056309687034901401e+01
1.429051100374442562e+01 1.090691675267389371e+01
1.701768415949534585e+01 6.330615088073533059e+01
9.097767990864733534e+00 5.289689423989930361e+01
1.973789179912236946e+01 9.641861339603359227e+00
4.718890469497281259e+01 1.028330962881058852e+01
9.186681248249826126e-01 5.209811622359170968e+01
1.849273791650816179e+01 5.603444924996298226e+01
-3.108695757431640061e+00 4.908161435999497257e+01
2.217466289873433993e+01 3.074997213207346647e-01
-6.367261639528400963e-01 4.331675967752251211e+01
4.172705757403382165e+01 1.438606420954725174e+01
3.477781224294731999e+01 1.643114740756671566e+01
1.392580119797815286e+01 -3.030318730937722194e-01
1.838356071281657123e+01 5.217409377916832014e+00
2.648259098682268942e+01 5.065434009421447570e+01
5.393214392133288015e+00 3.873649813257301844e+01
1.466252476633440516e+01 9.795138220091150316e+00
1.759345055500342525e+01 1.076463179121282820e+01
4.558150615874071576e+01 3.844586150666870594e+00
-4.689254024745377336e+00 5.393265652103312391e+01
5.211976413889698989e+01 9.566479386791204576e+00
1.453014671666569768e+01 3.652406460060187765e+00
1.100104807362927062e+01 1.404193622425009735e+01
1.522535443024436574e+01 1.913017962341747591e+00
-6.444892821996603516e+00 5.404220412165556553e+01
1.506059803472046532e+01 2.871544427070821470e+00
2.698091509654575404e+01 5.283693843591810690e+01
1.153553147405176915e+01 -4.513090229268623688e+00
4.682322136476182095e+01 1.169467325244342426e+01
2.059691994603648624e+01 5.759397706291569108e-02
4.210343931339938450e+01 2.080176737889470218e+01
1.275041208897713574e+01 4.056653940632832445e+01
2.174795738071760098e+01 4.251101054283670067e+01
1.605955999082311436e+01 1.044330956014319511e+01
1.014077555530245789e+01 8.588843291837662264e+00
2.139529219688275319e+01 4.999971694834979985e+01
1.098016710955464603e+01 1.463035141196690070e+01
1.667226517731484137e+01 1.040650165333907218e+01
7.753407730059647562e+00 4.674769087519375432e+01
3.384777547962848132e+01 1.398543959946142046e+01
4.076421120621466088e+01 1.153065957704983369e+01
3.389216806151755890e+01 5.590275598438381621e+01
1.315433856775175769e+01 -2.318509164627797325e+00
5.629167581312904645e+01 3.894089034111566150e+00
1.982267579561933601e+01 4.520580702060703970e+01
1.254254405518612181e+01 7.692720770878548997e+00
1.542981861020687795e+01 -9.132244823512685628e+00
1.955902698763258840e+01 4.760234800001586564e+01
2.509951779105412584e+01 5.599981163151682750e+01
4.562012645562919744e+01 1.947308435813043914e+01
-5.884407114500518787e+00 4.772468405928921698e+01
5.293672391395372756e+01 1.809142616783832835e+01
4.568006452419184882e+01 4.565515488513896258e+01
4.659407372196309893e+01 2.245670069836362259e+01
2.637498235659037604e+01 6.815630356167358173e+01
5.278499810098021783e+01 1.412540076386536469e+01
1.603512936686315271e+01 4.490610925205653636e+00
4.574544139751115068e+01 1.803750789011971989e+01
3.866852312123123880e+01 2.130551365966152844e+01
2.177110389445234517e+01 5.001896743979363436e+01
4.678608255428618179e+01 2.359004052545046193e+01
3.571812282274331096e+01 2.232426212308251579e+01
3.651022722460270131e+01 1.673326029509120971e+01
2.046962816342540492e+01 6.291476070016258859e+00
2.641083469943014350e+01 5.011069565396196168e+01
4.741759930829473291e+01 1.794073673674645164e+01
2.289523421328695818e+01 6.199125123818537020e+01
4.135970125855259028e+01 5.432998356310176291e+01
