2.307354026009438286e+01 5.414836277348462801e+01
5.118755599879648344e+00 -2.444598359046741720e+00
1.436132394829862058e+01 5.688576702225796566e+01
3.649563999249653534e+01 2.204765561703845123e+01
4.902031616437083983e+01 1.328672974246969929e+01
1.709614988810388070e+01 1.123098317137382907e+01
4.453195203634398780e+01 1.375298568980857539e+01
-1.222629576465504186e+00 5.580997683921545871e+01
4.505650553922897217e+01 1.911094468412860792e+01
2.688540727227351823e+01 4.761506396839214972e+01
5.215207051031316610e+01 7.742060753224412117e+00
1.482570845222168820e+01 6.116380676092213697e+00
1.892886285395207580e+01 4.799121411689352357e+01
5.154447474960753084e+01 1.792992037382838433e+01
2.373474140883980610e+01 4.997137133344580917e+01
1.672456806914033933e+01 1.565761692711556563e+01
1.103572402871902014e+01 7.063161458422639427e+00
1.127734453716165142e+01 -1.213146915839156570e+00
2.032482055035233159e+01 1.868065317110543688e+01
5.196191528111212676e+01 6.259841163776172834e+00
1.380561592963211837e+01 4.426813772875325625e+00
1.561255085064760806e+01 -2.906744561483876943e+00
4.153192255132805855e+01 1.202232805441653163e+01
-4.588627602770785074e+00 5.739548037839141870e+01
-9.275428140985606973e+00 4.872006064578260265e+01
1.508499041910333638e+01 5.784918638348687026e+00
1.237840576510531498e+01 3.925443942575165934e+00
1.855372424018357691e+01 6.042039755670025158e+01
2.931594815944656318e+00 4.566329155702248244e+01
4.738676050909251103e+01 5.076725888217637817e+01
4.212680021860003166e+01 2.166403089039537377e+01
5.135748241068326081e+01 2.148317217712186178e+01
3.652542158997808031e+01 1.956130167911680928e+01
3.346156067914500198e+01 4.365565453052218459e+01
5.547048121749384109e+01 1.800544877784524900e+01
1.481619027802270772e+01 5.108835488723192242e+01
4.213968578753390659e+01 1.779709401016340564e+01
1.987606266162379853e+01 5.595562556243574903e+01
1.660058587092737881e+01 6.949479448493411482e+00
2.059238548400336910e+01 5.322872221029719952e+01
-2.573437693133637794e+00 5.338948469989452406e+01
1.563325792186767060e+01 1.770846669353230141e+01
2.905478423528604992e+01 6.069093711257522727e+01
1.639399959216432023e+01 7.036508832891959386e+00
1.682087331902530636e+01 4.048322356632031216e+00
3.928683141923286826e+01 9.964725634725718706e+00
1.750325883515084868e+01 5.623267304702981306e+01
1.162792172004315461e+01 4.870387402343380501e+01
5.100728575086850469e+01 6.501074944118718335e+00
4.695056332905482321e+01 1.963944555055400798e+01
-1.191742576844390911e+01 5.074288439793902938e+01
1.723349795486610248e+01 8.483299928023448899e+00
3.549894084800773442e+01 1.556657507907609350e+01
3.173197616835058099e+01 5.759791224999832338e+01
1.131771490862547935e+01 4.629624774746540083e+01
9.773420885528125268e+00 6.100043710364593252e-01
4.318757378373446443e+01 1.418851063726707018e+01
4.950018182816010892e+01 1.652188829308817120e+01
1.748076713132863347e+01 7.058404771638921993e+00
1.441025673609716939e+01 -8.374791768624056942e-02
4.751631468967377714e+01 1.279667448261042040e+01
5.100622028090552362e+01 1.796530342571887573e+01
1.479599517698965272e+01 9.688992462286503127e+00
1.386811964132134456e+01 8.809345410299165735e+00
4.957913470647363141e+01 1.185602291394569896e+01
9.460613211750690255e-01 5.386169969816270253e+01
2.365327974350266516e+01 4.410934188981069326e+01
4.407659291347831498e+01 1.583714388953318419e+01
4.279369556202093605e+01 1.085769044448505660e+01
1.647827362798912532e+01 9.959839715512208258e+00
1.876665463466476780e+01 2.854577230974197022e+00
1.670249332730306691e+01 -1.884965955751758848e+00
2.284408142999197011e+01 4.607809118690241235e+01
1.123213079090957933e+01 3.665335721301133276e+00
1.526352931533737944e+01 -3.921323759064545555e+00
1.384713911538697317e+01 3.557873034387749378e+00
1.091687547251134305e+01 -2.681805698583675124e+00
4.102454291636498596e+01 1.378611017422398533e+01
1.998758820211767073e+01 9.281396949186611067e+00
1.736404082845355745e+01 6.330250820794613276e+01
9.067598816360719738e+00 4.895296030697542022e+01
1.418796838741565480e+01 8.948735311480609411e+00
3.126601769554066124e+01 4.416690949013744216e+01
4.497030970685024442e+01 5.437384035274849481e+01
4.682496105542278286e+01 1.625333507010913081e+01
1.384811637473617552e+01 2.230583143851653105e+01
1.788328894008837722e+01 4.825609173374415661e+01
4.724000044679536359e+01 1.205013937586324957e+01
1.530714257328074268e+01 8.589136622221001716e+00
2.053559187416148291e+01 6.652320496193665278e+00
4.354717392364916151e+01 1.062038063679953837e+01
1.149771319894934152e+01 7.829629725041477251e+00
7.942233472749258283e+00 5.036890383760952972e+01
4.347722561972447863e+01 1.534256532428941355e+01
5.090195983271000557e+01 1.647924755907831695e+01
1.232883179588956502e+01 7.457207066865247924e-01
4.809804149024210318e+01 1.725735457805702922e+01
3.402167654182918710e+01 5.529610197314445230e+01
1.484507097387086638e+01 2.167432525239946006e+00
2.393883166106367355e+01 5.205939247354812238e+01
1.080401352571184681e+01 4.525876902032197613e+00
4.893186079872888428e+01 2.479171560520807205e+01
1.299478496807371286e+01 1.570474461706969826e+01
2.990123778990639636e+01 5.087193008963063079e+01
1.668433248725006735e+01 6.456866436912919838e+00
1.544035265006723634e+01 -7.059163242640869029e-01
-4.730545881265811659e+00 5.060568670498037136e+01
4.292838865499588508e+01 1.228766045370260329e+01
5.105121284639690771e+01 1.481687926986157500e+01
1.256811961936836575e+01 6.047850739019564159e+00
3.421015272554217290e+01 4.680655123272018159e+01
5.092537871776479363e+01 4.619197506260566399e+01
4.277560869463888338e+01 1.549902240674416198e+01
4.197168783989760499e+01 5.155435220321754741e+01
3.888109618690984348e+01 6.050337399583046505e+00
4.247536437048803748e+01 1.723355806116702738e+01
1.497363461668509466e+01 6.892592481374013147e+00
1.196562910448834316e+01 2.486931482497472867e+00
4.476860420010086727e+01 2.025168909567611308e+01
1.497469525366342324e+01 4.348236681047972674e+00
4.668719570702952382e+01 1.636258252214343756e+01
4.138553137213726529e+00 4.895493422425015240e+01
2.994783141447591390e+01 4.515603700033791768e+01
4.446095736146525468e+01 2.107510957998826484e+00
2.333112527510566991e+01 5.807974687870373032e+01
4.677355817149306461e+01 8.116268347948485840e+00
2.579732584955348074e+01 4.048735244012185319e+01
1.487985046173935189e+01 5.617413057175867408e+01
1.653547578647678051e+01 4.737867536113308375e+01
5.040845447108136312e+01 1.264261072937441810e+01
4.744526730974862971e+01 1.948815604594929596e+01
4.277705799503223005e+01 1.070386268745236613e+01
3.048855052297847834e+01 4.071986604583575797e+01
1.825627201358863516e+01 6.023333917732018961e+01
5.011848991118708341e+01 2.415880135951343988e+01
4.836766849135816670e+01 7.518800833205711243e+00
1.825979915376436225e+01 9.569694984641357038e+00
9.115356666351857484e+00 5.535738812268556330e+01
5.389648305468479350e+01 1.151060462025883524e+01
3.992796163412631927e+01 5.185347566074707260e+01
7.565638336280121834e+00 5.399395948465749662e+00
3.831998054575691270e+01 1.521757416574732957e+01
1.156980186785894205e+01 -8.207025697003711429e-02
4.203073659751798630e+01 1.620729366887052336e+01
4.757545982681791230e+01 2.030118238696757516e+01
2.677446313045600590e+01 4.746026915090154574e+01
1.028665714933383768e+01 6.584433681642842373e+00
2.734021195547666139e+01 1.844508262801216159e+00
1.173867493972390186e+01 3.571334912808730166e+01
1.407049789342091195e+01 3.220838563253288545e+00
